0 : 1 1 0 0 1 0 0 1 0
1 : 1 0 1 1 0 1 1 1 0
2 : 1 1 1 1 1 1 1 0 0
3 : 0 1 0 0 0 1 0 1 0
4 : 0 1 1 1 0 1 0 1 1
5 : 1 1 0 1 1 1 1 1 0
6 : 1 0 0 1 0 1 1 1 1
7 : 1 0 0 0 0 1 1 0 0
8 : 1 0 1 0 0 1 1 0 1
9 : 1 0 0 1 0 0 1 0 0
10 : 1 1 1 0 0 1 1 0 0
11 : 1 1 0 0 1 1 0 1 0
12 : 1 1 0 1 1 0 0 1 1
13 : 0 1 1 0 0 1 0 1 1
14 : 0 0 0 1 1 1 0 1 1
15 : 0 1 0 1 0 0 0 0 1
16 : 1 1 0 0 1 0 1 0 0
17 : 1 0 0 1 1 0 0 1 0
18 : 0 0 0 1 1 1 1 1 1
19 : 0 1 1 0 0 0 1 1 1
20 : 0 1 0 1 0 0 1 1 1
21 : 1 0 1 1 1 0 0 0 0
22 : 1 1 1 0 1 0 1 0 1
23 : 0 0 1 1 0 0 0 0 0
24 : 0 0 1 1 1 0 0 0 1
25 : 0 0 0 0 1 0 1 0 0
26 : 1 1 0 1 0 1 0 1 0
27 : 0 1 0 1 1 1 0 1 1
28 : 1 0 0 1 1 0 0 0 1
29 : 0 0 1 1 0 1 1 1 1
30 : 1 1 0 0 1 0 1 1 1
31 : 0 0 1 0 1 0 1 1 1
32 : 1 1 1 1 0 1 1 0 1
33 : 1 1 1 0 0 1 1 1 0
34 : 0 1 0 0 0 0 1 0 1
35 : 1 0 1 0 0 0 1 0 0
36 : 0 1 0 0 0 1 1 1 0
37 : 1 1 0 0 0 1 1 0 1
38 : 0 0 1 1 1 0 1 1 0
39 : 1 0 0 0 0 1 0 1 0
40 : 1 1 0 0 1 0 0 1 1
41 : 0 0 0 0 0 1 1 1 1
42 : 0 0 0 1 0 1 1 0 1
43 : 0 1 1 1 1 0 1 1 1
44 : 1 0 1 0 1 1 1 1 1
45 : 0 1 0 0 0 1 1 0 0
46 : 0 1 1 0 1 0 1 1 0
47 : 1 0 1 1 1 1 1 0 1
48 : 1 0 0 1 1 1 0 0 1
49 : 0 0 0 0 0 0 0 1 0
50 : 1 1 0 0 0 1 0 1 0
51 : 1 0 0 1 1 1 1 1 0
52 : 1 1 0 0 0 1 1 1 0
53 : 0 0 1 0 0 0 0 0 0
54 : 0 0 0 1 1 0 1 1 0
55 : 0 0 0 0 0 0 0 1 1
56 : 1 1 1 1 0 0 0 1 0
57 : 0 0 0 0 1 1 1 1 1
58 : 0 1 0 1 0 1 1 0 0
59 : 0 0 0 1 1 1 0 0 0
60 : 0 1 1 1 1 1 1 0 1
61 : 1 1 1 0 1 1 0 1 0
62 : 0 1 0 0 0 0 0 0 0
63 : 1 1 1 0 0 0 1 0 0
64 : 1 1 1 1 1 1 0 0 1
65 : 0 1 0 0 1 1 1 0 0
66 : 1 1 1 1 0 0 0 0 1
67 : 1 0 0 1 0 1 1 1 0
68 : 1 0 0 0 1 0 0 1 1
69 : 1 0 0 0 1 1 0 1 1
70 : 1 1 0 0 0 1 0 0 0
71 : 0 1 1 1 1 1 0 1 0
72 : 1 0 0 1 1 0 1 1 0
73 : 0 1 0 1 0 1 1 0 1
74 : 1 0 1 1 0 1 0 0 0
75 : 1 0 0 1 0 1 1 0 0
76 : 1 1 0 0 0 0 0 1 0
77 : 0 0 0 0 0 0 0 0 0
78 : 1 1 1 0 0 0 0 0 0
79 : 1 0 1 1 1 0 1 1 0
80 : 1 0 1 0 0 0 1 1 1
81 : 1 1 1 0 0 1 0 0 1
82 : 1 0 1 0 0 1 0 1 1
83 : 1 1 1 1 1 0 0 1 0
84 : 1 0 1 0 0 0 0 0 0
85 : 0 0 1 0 1 0 0 0 1
86 : 0 1 1 0 0 1 0 1 0
87 : 1 1 0 0 0 1 1 0 0
88 : 0 0 0 0 1 1 1 0 0
89 : 0 1 1 1 0 0 0 1 1
90 : 0 1 0 1 1 0 0 0 1
91 : 0 1 1 1 1 1 1 0 0
92 : 0 0 1 1 1 1 1 0 0
93 : 1 1 0 1 0 1 0 1 1
94 : 1 1 1 1 0 0 1 0 0
95 : 0 1 1 0 1 1 1 1 0
96 : 0 1 1 1 1 1 0 1 1
97 : 0 1 0 0 0 0 0 1 0
98 : 0 0 1 1 1 1 0 1 0
99 : 1 0 0 1 1 1 0 1 1
100 : 0 1 0 1 1 0 0 1 1
101 : 0 0 1 1 1 0 0 0 0
102 : 1 0 1 1 0 0 1 0 1
103 : 0 0 0 0 0 1 0 1 0
104 : 0 1 1 1 0 0 1 0 1
105 : 0 0 1 0 1 1 1 0 0
106 : 0 0 0 1 0 0 0 0 0
107 : 1 1 1 1 1 0 0 0 0
108 : 0 1 1 1 1 0 0 1 1
109 : 1 1 1 1 1 0 1 0 0
110 : 1 1 0 1 0 1 1 1 0
111 : 0 1 0 0 1 1 1 1 1
112 : 0 1 0 0 0 1 1 0 1
113 : 1 0 0 0 1 1 1 0 0
114 : 1 0 1 0 1 0 0 0 0
115 : 1 0 0 1 0 1 1 0 1
116 : 0 0 1 0 0 1 0 1 1
117 : 0 0 0 0 0 0 1 1 1
118 : 0 1 0 0 1 0 1 0 0
119 : 0 0 0 1 0 1 0 1 0
120 : 1 1 0 0 1 1 0 1 1
121 : 0 0 1 1 0 1 0 1 0
122 : 1 1 0 1 0 0 0 0 0
123 : 1 1 1 1 0 0 0 1 1
124 : 1 0 1 1 1 0 0 1 1
125 : 0 1 0 1 1 0 1 0 0
126 : 0 0 1 0 0 1 0 0 0
127 : 0 1 1 0 1 1 0 1 1
128 : 0 1 0 0 1 0 1 0 1
129 : 0 1 1 0 0 0 1 0 1
130 : 1 1 1 1 1 1 0 1 1
131 : 0 0 0 0 1 1 1 0 1
132 : 0 0 1 0 1 0 1 1 0
133 : 1 0 0 1 1 0 0 0 0
134 : 1 1 0 1 1 1 0 0 1
135 : 1 0 0 1 0 1 0 1 0
136 : 1 1 1 0 0 1 1 1 1
137 : 1 1 1 1 1 0 1 1 1
138 : 1 1 0 1 1 1 0 1 1
139 : 1 0 1 0 1 1 1 0 1
140 : 1 0 0 0 0 1 0 1 1
141 : 1 1 0 1 1 1 0 0 0
142 : 0 0 0 0 1 1 0 1 1
143 : 0 0 1 0 0 1 0 0 1
144 : 1 0 0 0 1 1 0 0 0
145 : 0 0 0 1 0 0 1 1 1
146 : 1 0 0 0 0 0 1 1 0
147 : 1 0 1 1 0 0 1 0 0
148 : 1 0 1 0 1 1 1 1 0
149 : 0 0 1 0 0 1 0 1 0
150 : 0 1 1 0 0 1 1 0 0
151 : 0 1 1 0 0 0 0 0 1
152 : 1 1 0 1 1 1 0 1 0
153 : 1 1 0 1 0 0 0 0 1
154 : 0 0 0 0 1 0 0 0 1
155 : 0 0 0 0 0 1 1 1 0
156 : 1 1 0 1 0 1 1 0 0
157 : 1 1 0 1 1 0 0 0 0
158 : 0 1 1 1 1 0 0 0 1
159 : 0 0 1 1 0 1 0 1 1
160 : 1 1 0 1 0 1 1 1 1
161 : 1 0 0 1 1 0 0 1 1
162 : 0 0 1 1 1 1 0 1 1
163 : 1 0 0 1 1 1 0 0 0
164 : 1 0 1 0 0 1 1 1 0
165 : 0 0 1 1 1 0 0 1 0
166 : 0 0 0 0 0 0 1 0 1
167 : 1 0 1 1 0 0 0 0 1
168 : 0 1 0 0 0 1 0 0 0
169 : 1 1 0 1 0 0 1 1 1
170 : 0 1 1 0 1 0 0 0 1
171 : 0 0 1 1 1 1 0 0 1
172 : 1 1 0 1 1 1 1 1 1
173 : 1 0 1 0 1 1 0 0 0
174 : 0 1 0 1 0 0 0 0 0
175 : 0 1 0 0 1 0 0 1 1
176 : 1 1 1 0 0 0 1 1 0
177 : 0 1 1 1 1 0 1 0 1
178 : 0 1 0 1 1 1 1 1 1
179 : 1 0 0 0 0 1 1 0 1
180 : 1 1 0 1 1 1 1 0 0
181 : 0 1 0 0 0 0 0 1 1
182 : 0 1 1 0 1 1 1 0 0
183 : 0 0 1 1 0 1 1 0 1
184 : 0 0 0 0 1 1 0 0 1
185 : 1 0 0 0 0 1 1 1 1
186 : 1 0 1 1 0 0 0 1 1
187 : 0 1 1 1 0 1 0 0 0
188 : 0 1 1 1 0 0 1 0 0
189 : 0 0 0 1 0 1 1 0 0
190 : 1 0 0 1 0 0 0 0 1
191 : 0 1 0 0 1 0 1 1 0
192 : 1 1 1 0 1 1 1 0 1
193 : 0 0 1 0 1 1 1 1 1
194 : 0 1 0 1 0 0 1 1 0
195 : 1 1 1 0 0 0 1 0 1
196 : 1 0 0 1 0 0 1 1 1
197 : 1 0 0 1 0 0 0 1 0
198 : 1 1 0 1 0 0 1 1 0
199 : 1 1 0 1 1 0 1 0 0
200 : 0 0 1 0 1 0 1 0 0
201 : 0 0 1 0 1 1 0 0 0
202 : 1 0 1 0 1 1 0 1 1
203 : 1 0 0 0 0 0 0 0 1
204 : 0 1 1 0 1 1 1 0 1
205 : 0 0 0 0 1 0 1 0 1
206 : 1 0 1 1 0 1 1 0 1
207 : 1 0 1 1 0 1 1 1 1
208 : 1 1 0 1 0 1 1 0 1
209 : 1 0 0 0 1 0 0 0 0
210 : 1 0 1 0 1 0 1 0 1
211 : 1 0 1 0 0 0 0 0 1
212 : 0 0 0 1 1 0 0 0 1
213 : 0 0 1 1 0 0 1 1 1
214 : 1 1 1 0 0 1 0 0 0
215 : 0 1 0 1 0 0 0 1 1
216 : 1 0 0 0 1 0 1 1 0
217 : 1 1 1 0 0 1 0 1 1
218 : 0 1 0 0 0 0 1 1 0
219 : 0 0 0 1 0 0 0 1 0
220 : 1 0 1 0 0 0 0 1 1
221 : 1 1 1 0 0 1 0 1 0
222 : 1 0 0 0 0 0 0 1 1
223 : 1 0 0 0 0 0 1 0 1
224 : 0 1 1 1 0 1 1 1 0
225 : 0 1 0 0 0 0 1 1 1
226 : 0 0 0 0 0 1 0 0 1
227 : 1 1 1 1 1 1 1 1 0
228 : 0 0 1 0 0 0 1 1 0
229 : 1 1 1 0 0 0 0 0 1
230 : 0 1 0 0 1 1 0 1 1
231 : 0 0 0 1 1 0 0 0 0
232 : 0 1 0 0 1 0 0 0 0
233 : 0 0 0 1 0 0 1 0 1
234 : 1 0 0 0 1 0 1 0 0
235 : 0 1 1 0 1 1 0 0 0
236 : 1 1 0 1 0 0 0 1 0
237 : 1 1 0 1 1 0 1 0 1
238 : 0 1 1 0 0 0 1 0 0
239 : 1 0 1 0 1 1 0 0 1
240 : 0 1 1 0 1 0 0 1 0
241 : 0 1 1 1 0 0 0 1 0
242 : 0 0 1 0 1 1 1 1 0
243 : 1 0 1 1 0 1 0 1 1
244 : 1 1 0 0 0 0 0 0 0
245 : 1 1 1 0 1 0 1 1 1
246 : 1 1 1 0 1 1 1 0 0
247 : 0 1 1 0 1 0 1 1 1
248 : 0 0 1 0 0 0 1 0 1
249 : 0 1 1 1 0 1 1 0 0
250 : 0 0 0 1 0 1 1 1 0
251 : 0 0 1 0 0 1 1 0 0
252 : 0 0 1 0 1 0 0 1 0
253 : 1 0 0 0 1 1 1 0 1
254 : 1 1 0 0 0 0 1 1 1
255 : 1 0 0 0 1 1 1 1 0
